               precision    recall  f1-score   support

     Aloevera     0.8077    0.6562    0.7241        32
         Amla     0.7500    0.8710    0.8060        31
 Amruta_Balli     0.7647    0.5652    0.6500        23
        Arali     0.9062    0.9355    0.9206        31
       Ashoka     0.7941    1.0000    0.8852        27
  Ashwagandha     0.8667    0.9286    0.8966        28
      Avacado     0.9130    0.7500    0.8235        28
       Bamboo     0.9524    0.6897    0.8000        29
       Basale     0.9167    0.6875    0.7857        32
        Betel     0.7647    0.9286    0.8387        28
    Betel_Nut     0.9355    0.8788    0.9062        33
       Brahmi     0.8077    0.7241    0.7636        29
       Castor     0.7812    0.8621    0.8197        29
   Curry_Leaf     0.9118    0.8158    0.8611        38
   Doddapatre     0.9375    0.9375    0.9375        32
         Ekka     0.8710    0.9310    0.9000        29
       Ganike     0.8400    1.0000    0.9130        21
        Gauva     0.8000    0.8235    0.8116        34
     Geranium     0.8077    0.8077    0.8077        26
        Henna     0.5185    0.5385    0.5283        26
     Hibiscus     0.9643    0.8438    0.9000        32
        Honge     0.7429    0.8667    0.8000        30
      Insulin     1.0000    0.7727    0.8718        22
      Jasmine     0.8043    0.7708    0.7872        48
        Lemon     1.0000    0.9286    0.9630        28
  Lemon_grass     0.5682    0.9615    0.7143        26
        Mango     0.7778    0.8235    0.8000        34
         Mint     1.0000    0.9615    0.9804        26
     Nagadali     0.9429    0.9167    0.9296        36
         Neem     0.7222    0.8387    0.7761        31
 Nithyapushpa     1.0000    0.8000    0.8889        35
        Nooni     0.6000    0.9000    0.7200        30
      Pappaya     0.8846    0.9200    0.9020        25
       Pepper     1.0000    0.4783    0.6471        23
  Pomegranate     0.8235    0.4828    0.6087        29
Raktachandini     0.8108    0.9091    0.8571        33
         Rose     0.7500    0.8108    0.7792        37
       Sapota     0.7619    0.5714    0.6531        28
       Tulasi     0.7667    0.7931    0.7797        29
   Wood_sorel     0.6667    0.9524    0.7843        21

     accuracy                         0.8167      1189
    macro avg     0.8308    0.8158    0.8130      1189
 weighted avg     0.8326    0.8167    0.8154      1189
